1.0	279.6885572139303	
2.0	57.66467661691542	
3.0	34.0547263681592	
4.0	21.747263681592038	
5.0	15.064676616915422	
6.0	11.06865671641791	
7.0	8.51641791044776	
8.0	6.724378109452736	
9.0	5.3462686567164175	
10.0	4.417910447761194	
11.0	3.6776119402985072	
12.0	3.2965174129353234	
13.0	2.7751243781094526	
14.0	2.3333333333333335	
15.0	2.1373134328358208	
16.0	1.87363184079602	
17.0	1.7243781094527364	
18.0	1.5621890547263682	
19.0	1.4199004975124379	
20.0	1.364179104477612	
21.0	1.191044776119403	
22.0	1.0169154228855721	
23.0	0.9950248756218906	
24.0	0.9263681592039801	
25.0	0.8288557213930349	
26.0	0.7631840796019901	
27.0	0.7661691542288557	
28.0	0.7323383084577114	
29.0	0.6208955223880597	
30.0	0.6	
31.0	0.6049751243781094	
32.0	0.5293532338308458	
33.0	0.48756218905472637	
34.0	0.48756218905472637	
35.0	0.4766169154228856	
36.0	0.417910447761194	
37.0	0.41194029850746267	
38.0	0.38109452736318405	
39.0	0.37512437810945276	
40.0	0.32935323383084575	
41.0	0.34427860696517415	
42.0	0.33930348258706466	
43.0	0.3154228855721393	
44.0	0.29850746268656714	
45.0	0.3054726368159204	
46.0	0.24676616915422886	
47.0	0.2746268656716418	
48.0	0.22487562189054727	
49.0	0.22686567164179106	
50.0	0.23880597014925373	
51.0	0.23283582089552238	
52.0	0.2308457711442786	
53.0	0.1890547263681592	
54.0	0.2109452736318408	
55.0	0.20398009950248755	
56.0	0.18507462686567164	
57.0	0.1890547263681592	
58.0	0.18606965174129353	
59.0	0.1791044776119403	
60.0	0.16218905472636816	
61.0	0.17213930348258707	
62.0	0.18009950248756218	
63.0	0.15223880597014924	
64.0	0.15124378109452735	
65.0	0.1472636815920398	
66.0	0.15422885572139303	
67.0	0.12238805970149254	
68.0	0.14228855721393036	
69.0	0.1482587064676617	
70.0	0.12935323383084577	
71.0	0.12835820895522387	
72.0	0.1154228855721393	
73.0	0.11940298507462686	
74.0	0.13532338308457711	
75.0	0.09751243781094528	
76.0	0.11243781094527364	
77.0	0.11442786069651742	
78.0	0.09850746268656717	
79.0	0.09751243781094528	
80.0	0.0945273631840796	
81.0	0.0945273631840796	
82.0	0.09353233830845771	
83.0	0.08855721393034825	
84.0	0.09353233830845771	
85.0	0.0736318407960199	
86.0	0.07661691542288557	
87.0	0.08258706467661692	
88.0	0.0845771144278607	
89.0	0.09054726368159204	
90.0	0.07960199004975124	
91.0	0.07860696517412935	
92.0	0.08358208955223881	
93.0	0.08159203980099503	
94.0	0.06965174129353234	
95.0	0.08358208955223881	
96.0	0.06766169154228856	
97.0	0.06865671641791045	
98.0	0.07164179104477612	
99.0	0.05970149253731343	
100.0	0.056716417910447764	
101.0	0.07164179104477612	
102.0	0.07562189054726368	
103.0	0.05771144278606965	
104.0	0.05572139303482587	
105.0	0.05472636815920398	
106.0	0.06865671641791045	
107.0	0.04477611940298507	
108.0	0.05771144278606965	
109.0	0.05572139303482587	
110.0	0.05373134328358209	
111.0	0.04477611940298507	
112.0	0.03781094527363184	
113.0	0.07064676616915423	
114.0	0.04378109452736319	
115.0	0.06069651741293532	
116.0	0.05970149253731343	
117.0	0.045771144278606964	
118.0	0.04378109452736319	
119.0	0.04378109452736319	
120.0	0.042786069651741296	
121.0	0.031840796019900496	
122.0	0.04378109452736319	
123.0	0.03482587064676617	
124.0	0.04079601990049751	
125.0	0.0527363184079602	
126.0	0.03283582089552239	
127.0	0.0527363184079602	
128.0	0.023880597014925373	
129.0	0.061691542288557215	
130.0	0.041791044776119404	
131.0	0.03980099502487562	
132.0	0.045771144278606964	
133.0	0.04079601990049751	
134.0	0.03383084577114428	
135.0	0.027860696517412936	
136.0	0.04378109452736319	
137.0	0.03980099502487562	
138.0	0.04477611940298507	
139.0	0.03781094527363184	
140.0	0.041791044776119404	
141.0	0.030845771144278607	
142.0	0.03383084577114428	
143.0	0.03582089552238806	
144.0	0.03880597014925373	
145.0	0.03383084577114428	
146.0	0.03383084577114428	
147.0	0.030845771144278607	
148.0	0.03681592039800995	
149.0	0.03681592039800995	
150.0	0.03482587064676617	
151.0	0.031840796019900496	
152.0	0.030845771144278607	
153.0	0.03880597014925373	
154.0	0.03482587064676617	
155.0	0.026865671641791045	
156.0	0.03880597014925373	
157.0	0.028855721393034824	
158.0	0.028855721393034824	
159.0	0.03582089552238806	
160.0	0.030845771144278607	
161.0	0.028855721393034824	
162.0	0.03482587064676617	
163.0	0.03880597014925373	
164.0	0.029850746268656716	
165.0	0.026865671641791045	
166.0	0.031840796019900496	
167.0	0.023880597014925373	
168.0	0.03482587064676617	
169.0	0.025870646766169153	
170.0	0.03880597014925373	
171.0	0.03482587064676617	
172.0	0.024875621890547265	
173.0	0.022885572139303482	
174.0	0.01890547263681592	
175.0	0.025870646766169153	
176.0	0.021890547263681594	
177.0	0.023880597014925373	
178.0	0.01791044776119403	
179.0	0.028855721393034824	
180.0	0.030845771144278607	
181.0	0.01791044776119403	
182.0	0.022885572139303482	
183.0	0.020895522388059702	
184.0	0.01791044776119403	
185.0	0.01890547263681592	
186.0	0.01890547263681592	
187.0	0.03482587064676617	
188.0	0.03383084577114428	
189.0	0.020895522388059702	
190.0	0.01990049751243781	
191.0	0.01691542288557214	
192.0	0.021890547263681594	
193.0	0.01691542288557214	
194.0	0.01791044776119403	
195.0	0.023880597014925373	
196.0	0.01990049751243781	
197.0	0.022885572139303482	
198.0	0.024875621890547265	
199.0	0.01890547263681592	
200.0	0.01890547263681592	
201.0	0.013930348258706468	
202.0	0.01990049751243781	
203.0	0.022885572139303482	
204.0	0.01890547263681592	
205.0	0.01890547263681592	
206.0	0.026865671641791045	
207.0	0.01990049751243781	
208.0	0.014925373134328358	
209.0	0.01691542288557214	
210.0	0.01990049751243781	
211.0	0.015920398009950248	
212.0	0.011940298507462687	
213.0	0.010945273631840797	
214.0	0.01791044776119403	
215.0	0.023880597014925373	
216.0	0.011940298507462687	
217.0	0.014925373134328358	
218.0	0.01691542288557214	
219.0	0.020895522388059702	
220.0	0.01691542288557214	
221.0	0.011940298507462687	
222.0	0.011940298507462687	
223.0	0.013930348258706468	
224.0	0.013930348258706468	
225.0	0.007960199004975124	
226.0	0.01890547263681592	
227.0	0.015920398009950248	
228.0	0.011940298507462687	
229.0	0.013930348258706468	
230.0	0.01691542288557214	
231.0	0.011940298507462687	
232.0	0.012935323383084577	
233.0	0.008955223880597015	
234.0	0.011940298507462687	
235.0	0.01791044776119403	
236.0	0.020895522388059702	
237.0	0.01691542288557214	
238.0	0.01791044776119403	
239.0	0.014925373134328358	
240.0	0.013930348258706468	
241.0	0.012935323383084577	
242.0	0.008955223880597015	
243.0	0.014925373134328358	
244.0	0.006965174129353234	
245.0	0.012935323383084577	
246.0	0.01791044776119403	
247.0	0.011940298507462687	
248.0	0.01691542288557214	
249.0	0.01890547263681592	
250.0	0.013930348258706468	
251.0	0.009950248756218905	
252.0	0.012935323383084577	
253.0	0.015920398009950248	
254.0	0.01791044776119403	
255.0	0.006965174129353234	
256.0	0.007960199004975124	
257.0	0.013930348258706468	
258.0	0.009950248756218905	
259.0	0.005970149253731343	
260.0	0.011940298507462687	
261.0	0.012935323383084577	
262.0	0.009950248756218905	
263.0	0.008955223880597015	
264.0	0.01691542288557214	
265.0	0.015920398009950248	
266.0	0.008955223880597015	
267.0	0.014925373134328358	
268.0	0.015920398009950248	
269.0	0.01691542288557214	
270.0	0.007960199004975124	
271.0	0.011940298507462687	
272.0	0.010945273631840797	
273.0	0.006965174129353234	
274.0	0.010945273631840797	
275.0	0.013930348258706468	
276.0	0.012935323383084577	
277.0	0.008955223880597015	
278.0	0.010945273631840797	
279.0	0.008955223880597015	
280.0	0.011940298507462687	
281.0	0.006965174129353234	
282.0	0.008955223880597015	
283.0	0.007960199004975124	
284.0	0.008955223880597015	
285.0	0.006965174129353234	
286.0	0.010945273631840797	
287.0	0.014925373134328358	
288.0	0.007960199004975124	
289.0	0.015920398009950248	
290.0	0.007960199004975124	
291.0	0.011940298507462687	
292.0	0.003980099502487562	
293.0	0.006965174129353234	
294.0	0.006965174129353234	
295.0	0.008955223880597015	
296.0	0.011940298507462687	
297.0	0.011940298507462687	
298.0	0.010945273631840797	
299.0	0.004975124378109453	
300.0	0.008955223880597015	
301.0	0.006965174129353234	
302.0	0.009950248756218905	
303.0	0.01791044776119403	
304.0	0.013930348258706468	
305.0	0.004975124378109453	
306.0	0.008955223880597015	
307.0	0.008955223880597015	
308.0	0.010945273631840797	
309.0	0.012935323383084577	
310.0	0.006965174129353234	
311.0	0.006965174129353234	
312.0	0.009950248756218905	
313.0	0.009950248756218905	
314.0	0.009950248756218905	
315.0	0.007960199004975124	
316.0	0.003980099502487562	
317.0	0.003980099502487562	
318.0	0.004975124378109453	
319.0	0.009950248756218905	
320.0	0.004975124378109453	
321.0	0.005970149253731343	
322.0	0.007960199004975124	
323.0	0.008955223880597015	
324.0	0.006965174129353234	
325.0	0.006965174129353234	
326.0	0.006965174129353234	
327.0	0.009950248756218905	
328.0	0.010945273631840797	
329.0	0.010945273631840797	
330.0	0.013930348258706468	
331.0	0.007960199004975124	
332.0	0.006965174129353234	
333.0	0.009950248756218905	
334.0	0.011940298507462687	
335.0	0.007960199004975124	
336.0	0.004975124378109453	
337.0	0.007960199004975124	
338.0	0.006965174129353234	
339.0	0.011940298507462687	
340.0	0.006965174129353234	
341.0	0.005970149253731343	
342.0	0.009950248756218905	
343.0	0.009950248756218905	
344.0	0.011940298507462687	
345.0	0.007960199004975124	
346.0	0.004975124378109453	
347.0	0.006965174129353234	
348.0	0.0029850746268656717	
349.0	0.001990049751243781	
350.0	0.006965174129353234	
351.0	0.0029850746268656717	
352.0	0.010945273631840797	
353.0	0.005970149253731343	
354.0	0.004975124378109453	
355.0	0.007960199004975124	
356.0	0.006965174129353234	
357.0	0.005970149253731343	
358.0	0.004975124378109453	
359.0	0.009950248756218905	
360.0	0.005970149253731343	
361.0	0.008955223880597015	
362.0	0.004975124378109453	
363.0	0.005970149253731343	
364.0	0.013930348258706468	
365.0	0.005970149253731343	
366.0	0.003980099502487562	
367.0	0.006965174129353234	
368.0	0.0029850746268656717	
369.0	0.004975124378109453	
370.0	0.009950248756218905	
371.0	0.003980099502487562	
372.0	0.0029850746268656717	
373.0	0.011940298507462687	
374.0	0.008955223880597015	
375.0	0.005970149253731343	
376.0	0.003980099502487562	
377.0	0.004975124378109453	
378.0	0.0029850746268656717	
379.0	0.008955223880597015	
380.0	0.003980099502487562	
381.0	0.005970149253731343	
382.0	0.003980099502487562	
383.0	0.003980099502487562	
384.0	0.008955223880597015	
385.0	0.004975124378109453	
386.0	0.0029850746268656717	
387.0	0.003980099502487562	
388.0	0.005970149253731343	
389.0	0.003980099502487562	
390.0	0.004975124378109453	
391.0	0.007960199004975124	
392.0	0.004975124378109453	
393.0	0.001990049751243781	
394.0	0.004975124378109453	
395.0	9.950248756218905E-4	
396.0	0.006965174129353234	
397.0	0.003980099502487562	
398.0	0.004975124378109453	
399.0	0.0029850746268656717	
400.0	0.001990049751243781	
401.0	0.008955223880597015	
402.0	9.950248756218905E-4	
403.0	0.005970149253731343	
404.0	0.001990049751243781	
405.0	0.004975124378109453	
406.0	0.005970149253731343	
407.0	0.006965174129353234	
408.0	0.005970149253731343	
409.0	0.004975124378109453	
410.0	0.001990049751243781	
411.0	0.006965174129353234	
412.0	0.004975124378109453	
413.0	0.006965174129353234	
414.0	9.950248756218905E-4	
415.0	0.007960199004975124	
416.0	0.0029850746268656717	
417.0	0.003980099502487562	
418.0	0.003980099502487562	
419.0	0.0029850746268656717	
420.0	0.0029850746268656717	
421.0	0.003980099502487562	
422.0	0.004975124378109453	
423.0	0.007960199004975124	
424.0	0.0029850746268656717	
425.0	0.005970149253731343	
426.0	0.006965174129353234	
427.0	0.005970149253731343	
428.0	0.008955223880597015	
429.0	0.0029850746268656717	
430.0	0.0029850746268656717	
431.0	0.004975124378109453	
432.0	0.004975124378109453	
433.0	0.004975124378109453	
434.0	0.001990049751243781	
435.0	0.003980099502487562	
436.0	0.009950248756218905	
437.0	0.003980099502487562	
438.0	0.004975124378109453	
439.0	0.004975124378109453	
440.0	0.004975124378109453	
442.0	0.0029850746268656717	
443.0	9.950248756218905E-4	
444.0	0.0029850746268656717	
445.0	0.005970149253731343	
446.0	0.006965174129353234	
447.0	0.009950248756218905	
448.0	0.004975124378109453	
450.0	0.006965174129353234	
451.0	9.950248756218905E-4	
452.0	0.003980099502487562	
453.0	9.950248756218905E-4	
454.0	0.006965174129353234	
455.0	0.008955223880597015	
456.0	0.007960199004975124	
457.0	0.005970149253731343	
458.0	0.004975124378109453	
459.0	9.950248756218905E-4	
460.0	0.004975124378109453	
461.0	0.003980099502487562	
462.0	0.004975124378109453	
463.0	0.003980099502487562	
464.0	0.004975124378109453	
465.0	0.008955223880597015	
466.0	0.008955223880597015	
467.0	0.005970149253731343	
468.0	0.004975124378109453	
469.0	0.004975124378109453	
470.0	0.003980099502487562	
471.0	0.004975124378109453	
472.0	0.004975124378109453	
473.0	0.005970149253731343	
474.0	9.950248756218905E-4	
475.0	0.007960199004975124	
476.0	9.950248756218905E-4	
477.0	0.004975124378109453	
478.0	0.003980099502487562	
479.0	0.003980099502487562	
480.0	0.003980099502487562	
481.0	0.004975124378109453	
483.0	0.0029850746268656717	
484.0	0.004975124378109453	
486.0	0.0029850746268656717	
487.0	0.005970149253731343	
488.0	0.001990049751243781	
489.0	0.003980099502487562	
491.0	0.006965174129353234	
492.0	0.001990049751243781	
493.0	0.003980099502487562	
494.0	0.001990049751243781	
495.0	0.003980099502487562	
496.0	0.003980099502487562	
497.0	9.950248756218905E-4	
498.0	0.003980099502487562	
499.0	0.004975124378109453	
501.0	0.003980099502487562	
502.0	0.006965174129353234	
503.0	9.950248756218905E-4	
504.0	9.950248756218905E-4	
505.0	0.001990049751243781	
507.0	0.006965174129353234	
508.0	0.003980099502487562	
509.0	0.001990049751243781	
510.0	0.0029850746268656717	
511.0	0.003980099502487562	
513.0	0.004975124378109453	
514.0	0.001990049751243781	
515.0	0.001990049751243781	
516.0	0.005970149253731343	
517.0	0.005970149253731343	
518.0	0.0029850746268656717	
519.0	9.950248756218905E-4	
520.0	0.007960199004975124	
521.0	0.006965174129353234	
522.0	0.001990049751243781	
523.0	0.0029850746268656717	
524.0	0.001990049751243781	
525.0	0.007960199004975124	
526.0	0.001990049751243781	
527.0	0.003980099502487562	
528.0	0.003980099502487562	
529.0	0.001990049751243781	
530.0	0.0029850746268656717	
531.0	0.0029850746268656717	
532.0	0.0029850746268656717	
533.0	0.003980099502487562	
534.0	0.003980099502487562	
535.0	0.0029850746268656717	
536.0	9.950248756218905E-4	
537.0	0.003980099502487562	
538.0	0.0029850746268656717	
539.0	0.0029850746268656717	
540.0	0.0029850746268656717	
542.0	0.0029850746268656717	
543.0	9.950248756218905E-4	
544.0	9.950248756218905E-4	
545.0	0.007960199004975124	
546.0	0.004975124378109453	
547.0	0.004975124378109453	
548.0	0.003980099502487562	
549.0	0.0029850746268656717	
550.0	0.004975124378109453	
551.0	0.003980099502487562	
552.0	0.0029850746268656717	
553.0	0.0029850746268656717	
554.0	9.950248756218905E-4	
555.0	9.950248756218905E-4	
556.0	0.003980099502487562	
557.0	0.0029850746268656717	
558.0	0.0029850746268656717	
559.0	9.950248756218905E-4	
560.0	0.007960199004975124	
561.0	0.001990049751243781	
562.0	0.001990049751243781	
563.0	9.950248756218905E-4	
564.0	0.001990049751243781	
565.0	0.001990049751243781	
566.0	9.950248756218905E-4	
567.0	0.001990049751243781	
568.0	0.003980099502487562	
569.0	0.0029850746268656717	
570.0	0.001990049751243781	
571.0	0.0029850746268656717	
572.0	0.001990049751243781	
573.0	0.001990049751243781	
575.0	0.0029850746268656717	
576.0	9.950248756218905E-4	
577.0	0.0029850746268656717	
578.0	0.0029850746268656717	
579.0	0.0029850746268656717	
580.0	0.0029850746268656717	
581.0	0.004975124378109453	
582.0	0.0029850746268656717	
583.0	0.004975124378109453	
584.0	0.003980099502487562	
585.0	0.003980099502487562	
586.0	0.001990049751243781	
587.0	0.001990049751243781	
588.0	0.001990049751243781	
589.0	0.001990049751243781	
590.0	0.0029850746268656717	
591.0	0.004975124378109453	
592.0	0.001990049751243781	
593.0	0.003980099502487562	
594.0	0.004975124378109453	
596.0	9.950248756218905E-4	
597.0	9.950248756218905E-4	
598.0	0.005970149253731343	
599.0	9.950248756218905E-4	
600.0	0.001990049751243781	
601.0	0.001990049751243781	
602.0	0.001990049751243781	
603.0	0.0029850746268656717	
604.0	0.001990049751243781	
605.0	0.001990049751243781	
606.0	0.005970149253731343	
607.0	9.950248756218905E-4	
608.0	0.004975124378109453	
609.0	0.003980099502487562	
610.0	9.950248756218905E-4	
611.0	9.950248756218905E-4	
612.0	0.0029850746268656717	
613.0	0.001990049751243781	
614.0	0.003980099502487562	
615.0	9.950248756218905E-4	
616.0	0.0029850746268656717	
617.0	0.003980099502487562	
618.0	0.0029850746268656717	
619.0	9.950248756218905E-4	
620.0	0.003980099502487562	
621.0	0.001990049751243781	
622.0	0.0029850746268656717	
623.0	0.004975124378109453	
624.0	0.005970149253731343	
625.0	0.0029850746268656717	
626.0	0.004975124378109453	
627.0	0.004975124378109453	
628.0	0.001990049751243781	
629.0	0.0029850746268656717	
630.0	0.0029850746268656717	
631.0	0.0029850746268656717	
633.0	0.001990049751243781	
634.0	0.004975124378109453	
635.0	0.003980099502487562	
636.0	0.0029850746268656717	
637.0	9.950248756218905E-4	
638.0	0.0029850746268656717	
639.0	0.003980099502487562	
640.0	0.001990049751243781	
641.0	0.0029850746268656717	
642.0	0.001990049751243781	
644.0	0.0029850746268656717	
645.0	0.004975124378109453	
646.0	9.950248756218905E-4	
647.0	0.001990049751243781	
648.0	0.001990049751243781	
649.0	0.004975124378109453	
650.0	0.0029850746268656717	
651.0	9.950248756218905E-4	
652.0	9.950248756218905E-4	
653.0	0.0029850746268656717	
654.0	9.950248756218905E-4	
655.0	9.950248756218905E-4	
656.0	0.0029850746268656717	
657.0	0.003980099502487562	
658.0	0.001990049751243781	
659.0	0.005970149253731343	
660.0	0.001990049751243781	
661.0	9.950248756218905E-4	
662.0	0.001990049751243781	
663.0	0.001990049751243781	
664.0	0.008955223880597015	
665.0	0.0029850746268656717	
666.0	0.0029850746268656717	
667.0	0.001990049751243781	
668.0	0.001990049751243781	
669.0	9.950248756218905E-4	
670.0	9.950248756218905E-4	
671.0	0.001990049751243781	
672.0	0.003980099502487562	
673.0	0.001990049751243781	
674.0	0.001990049751243781	
675.0	0.003980099502487562	
676.0	0.004975124378109453	
678.0	9.950248756218905E-4	
679.0	0.003980099502487562	
680.0	9.950248756218905E-4	
681.0	0.0029850746268656717	
682.0	0.001990049751243781	
683.0	9.950248756218905E-4	
684.0	0.0029850746268656717	
685.0	0.0029850746268656717	
686.0	0.0029850746268656717	
687.0	0.001990049751243781	
688.0	0.0029850746268656717	
689.0	0.004975124378109453	
690.0	0.001990049751243781	
691.0	9.950248756218905E-4	
692.0	0.003980099502487562	
693.0	0.0029850746268656717	
694.0	0.003980099502487562	
695.0	0.001990049751243781	
696.0	0.001990049751243781	
697.0	9.950248756218905E-4	
698.0	0.001990049751243781	
699.0	0.0029850746268656717	
700.0	0.001990049751243781	
701.0	0.001990049751243781	
702.0	9.950248756218905E-4	
703.0	0.0029850746268656717	
704.0	0.001990049751243781	
705.0	0.001990049751243781	
706.0	0.001990049751243781	
707.0	0.004975124378109453	
708.0	9.950248756218905E-4	
709.0	0.0029850746268656717	
710.0	0.003980099502487562	
711.0	0.0029850746268656717	
712.0	0.001990049751243781	
713.0	0.001990049751243781	
714.0	9.950248756218905E-4	
715.0	0.001990049751243781	
716.0	0.0029850746268656717	
717.0	9.950248756218905E-4	
718.0	0.003980099502487562	
719.0	0.004975124378109453	
720.0	0.001990049751243781	
723.0	9.950248756218905E-4	
724.0	9.950248756218905E-4	
725.0	9.950248756218905E-4	
726.0	0.001990049751243781	
727.0	0.001990049751243781	
728.0	0.001990049751243781	
729.0	9.950248756218905E-4	
730.0	0.0029850746268656717	
731.0	9.950248756218905E-4	
732.0	0.001990049751243781	
733.0	0.005970149253731343	
734.0	0.003980099502487562	
735.0	0.0029850746268656717	
737.0	0.0029850746268656717	
738.0	9.950248756218905E-4	
739.0	9.950248756218905E-4	
741.0	0.003980099502487562	
742.0	9.950248756218905E-4	
743.0	9.950248756218905E-4	
744.0	0.003980099502487562	
745.0	0.001990049751243781	
746.0	9.950248756218905E-4	
747.0	0.001990049751243781	
748.0	9.950248756218905E-4	
749.0	9.950248756218905E-4	
750.0	9.950248756218905E-4	
751.0	0.001990049751243781	
752.0	0.003980099502487562	
753.0	9.950248756218905E-4	
754.0	0.0029850746268656717	
755.0	0.001990049751243781	
757.0	0.001990049751243781	
758.0	0.001990049751243781	
759.0	9.950248756218905E-4	
760.0	0.001990049751243781	
761.0	0.004975124378109453	
762.0	0.0029850746268656717	
763.0	0.001990049751243781	
764.0	9.950248756218905E-4	
765.0	0.0029850746268656717	
766.0	0.001990049751243781	
767.0	9.950248756218905E-4	
768.0	0.0029850746268656717	
769.0	9.950248756218905E-4	
770.0	0.001990049751243781	
771.0	9.950248756218905E-4	
772.0	0.001990049751243781	
773.0	0.0029850746268656717	
774.0	0.001990049751243781	
775.0	9.950248756218905E-4	
776.0	9.950248756218905E-4	
777.0	9.950248756218905E-4	
778.0	0.0029850746268656717	
780.0	0.001990049751243781	
781.0	9.950248756218905E-4	
782.0	0.0029850746268656717	
783.0	9.950248756218905E-4	
784.0	0.0029850746268656717	
785.0	0.001990049751243781	
786.0	0.001990049751243781	
787.0	9.950248756218905E-4	
788.0	9.950248756218905E-4	
789.0	0.001990049751243781	
790.0	0.001990049751243781	
792.0	9.950248756218905E-4	
793.0	9.950248756218905E-4	
794.0	9.950248756218905E-4	
795.0	0.001990049751243781	
796.0	9.950248756218905E-4	
797.0	9.950248756218905E-4	
799.0	0.0029850746268656717	
800.0	0.003980099502487562	
801.0	0.0029850746268656717	
802.0	0.004975124378109453	
803.0	0.001990049751243781	
805.0	9.950248756218905E-4	
807.0	0.001990049751243781	
808.0	0.0029850746268656717	
811.0	9.950248756218905E-4	
812.0	0.001990049751243781	
813.0	0.003980099502487562	
814.0	9.950248756218905E-4	
815.0	0.0029850746268656717	
816.0	0.005970149253731343	
817.0	0.0029850746268656717	
819.0	9.950248756218905E-4	
820.0	0.0029850746268656717	
823.0	9.950248756218905E-4	
824.0	9.950248756218905E-4	
825.0	9.950248756218905E-4	
826.0	0.0029850746268656717	
827.0	9.950248756218905E-4	
829.0	0.001990049751243781	
831.0	9.950248756218905E-4	
833.0	0.0029850746268656717	
836.0	9.950248756218905E-4	
837.0	0.004975124378109453	
838.0	9.950248756218905E-4	
839.0	9.950248756218905E-4	
840.0	9.950248756218905E-4	
842.0	9.950248756218905E-4	
843.0	9.950248756218905E-4	
844.0	0.0029850746268656717	
846.0	0.0029850746268656717	
847.0	9.950248756218905E-4	
848.0	9.950248756218905E-4	
849.0	0.001990049751243781	
850.0	9.950248756218905E-4	
851.0	9.950248756218905E-4	
852.0	0.0029850746268656717	
853.0	0.0029850746268656717	
855.0	9.950248756218905E-4	
856.0	9.950248756218905E-4	
857.0	0.001990049751243781	
858.0	0.005970149253731343	
859.0	0.003980099502487562	
860.0	0.001990049751243781	
861.0	0.001990049751243781	
862.0	0.001990049751243781	
864.0	0.0029850746268656717	
866.0	9.950248756218905E-4	
867.0	0.001990049751243781	
870.0	9.950248756218905E-4	
871.0	9.950248756218905E-4	
873.0	9.950248756218905E-4	
874.0	9.950248756218905E-4	
875.0	9.950248756218905E-4	
876.0	9.950248756218905E-4	
877.0	0.004975124378109453	
878.0	0.001990049751243781	
879.0	0.003980099502487562	
880.0	9.950248756218905E-4	
881.0	9.950248756218905E-4	
882.0	0.001990049751243781	
883.0	9.950248756218905E-4	
884.0	9.950248756218905E-4	
888.0	9.950248756218905E-4	
889.0	0.001990049751243781	
891.0	9.950248756218905E-4	
892.0	0.001990049751243781	
893.0	9.950248756218905E-4	
894.0	0.001990049751243781	
895.0	0.0029850746268656717	
896.0	0.0029850746268656717	
897.0	0.0029850746268656717	
899.0	0.001990049751243781	
900.0	0.001990049751243781	
902.0	9.950248756218905E-4	
905.0	0.001990049751243781	
907.0	9.950248756218905E-4	
908.0	0.001990049751243781	
909.0	0.0029850746268656717	
911.0	9.950248756218905E-4	
912.0	9.950248756218905E-4	
913.0	0.001990049751243781	
914.0	9.950248756218905E-4	
916.0	9.950248756218905E-4	
918.0	0.0029850746268656717	
920.0	9.950248756218905E-4	
923.0	9.950248756218905E-4	
926.0	0.001990049751243781	
927.0	0.001990049751243781	
931.0	0.0029850746268656717	
933.0	0.0029850746268656717	
935.0	9.950248756218905E-4	
936.0	9.950248756218905E-4	
937.0	0.003980099502487562	
939.0	0.001990049751243781	
940.0	0.0029850746268656717	
941.0	0.001990049751243781	
942.0	0.0029850746268656717	
943.0	9.950248756218905E-4	
946.0	9.950248756218905E-4	
947.0	0.001990049751243781	
948.0	9.950248756218905E-4	
949.0	0.0029850746268656717	
952.0	0.0029850746268656717	
954.0	9.950248756218905E-4	
955.0	0.001990049751243781	
956.0	0.0029850746268656717	
957.0	9.950248756218905E-4	
959.0	0.001990049751243781	
960.0	9.950248756218905E-4	
962.0	9.950248756218905E-4	
963.0	9.950248756218905E-4	
964.0	9.950248756218905E-4	
965.0	0.001990049751243781	
967.0	9.950248756218905E-4	
968.0	9.950248756218905E-4	
969.0	0.001990049751243781	
970.0	0.001990049751243781	
971.0	0.001990049751243781	
972.0	9.950248756218905E-4	
973.0	9.950248756218905E-4	
976.0	9.950248756218905E-4	
978.0	9.950248756218905E-4	
980.0	9.950248756218905E-4	
981.0	0.001990049751243781	
983.0	9.950248756218905E-4	
985.0	0.001990049751243781	
986.0	9.950248756218905E-4	
989.0	9.950248756218905E-4	
992.0	9.950248756218905E-4	
995.0	9.950248756218905E-4	
996.0	9.950248756218905E-4	
998.0	0.0029850746268656717	
999.0	9.950248756218905E-4	
1000.0	0.001990049751243781	
1001.0	9.950248756218905E-4	
1002.0	9.950248756218905E-4	
1003.0	0.001990049751243781	
1004.0	9.950248756218905E-4	
1005.0	9.950248756218905E-4	
1006.0	9.950248756218905E-4	
1007.0	0.001990049751243781	
1008.0	9.950248756218905E-4	
1009.0	9.950248756218905E-4	
1011.0	0.004975124378109453	
1012.0	0.001990049751243781	
1013.0	9.950248756218905E-4	
1014.0	0.001990049751243781	
1015.0	0.001990049751243781	
1016.0	0.0029850746268656717	
1018.0	9.950248756218905E-4	
1020.0	0.001990049751243781	
1021.0	9.950248756218905E-4	
1023.0	9.950248756218905E-4	
1025.0	9.950248756218905E-4	
1026.0	9.950248756218905E-4	
1027.0	0.001990049751243781	
1028.0	9.950248756218905E-4	
1029.0	9.950248756218905E-4	
1030.0	9.950248756218905E-4	
1031.0	0.001990049751243781	
1032.0	0.0029850746268656717	
1033.0	9.950248756218905E-4	
1034.0	9.950248756218905E-4	
1035.0	9.950248756218905E-4	
1038.0	0.001990049751243781	
1040.0	9.950248756218905E-4	
1041.0	9.950248756218905E-4	
1042.0	9.950248756218905E-4	
1043.0	0.001990049751243781	
1044.0	0.003980099502487562	
1045.0	9.950248756218905E-4	
1047.0	0.001990049751243781	
1048.0	9.950248756218905E-4	
1049.0	9.950248756218905E-4	
1050.0	0.001990049751243781	
1053.0	9.950248756218905E-4	
1057.0	9.950248756218905E-4	
1059.0	9.950248756218905E-4	
1060.0	0.001990049751243781	
1061.0	0.001990049751243781	
1062.0	0.0029850746268656717	
1063.0	0.001990049751243781	
1064.0	0.0029850746268656717	
1066.0	9.950248756218905E-4	
1069.0	9.950248756218905E-4	
1070.0	9.950248756218905E-4	
1071.0	0.001990049751243781	
1072.0	0.0029850746268656717	
1073.0	9.950248756218905E-4	
1074.0	9.950248756218905E-4	
1075.0	0.001990049751243781	
1077.0	9.950248756218905E-4	
1078.0	9.950248756218905E-4	
1080.0	0.001990049751243781	
1081.0	9.950248756218905E-4	
1082.0	0.001990049751243781	
1083.0	0.001990049751243781	
1085.0	9.950248756218905E-4	
1088.0	0.001990049751243781	
1091.0	9.950248756218905E-4	
1092.0	9.950248756218905E-4	
1093.0	0.001990049751243781	
1094.0	0.001990049751243781	
1095.0	0.0029850746268656717	
1098.0	0.003980099502487562	
1102.0	0.001990049751243781	
1105.0	0.001990049751243781	
1106.0	9.950248756218905E-4	
1108.0	9.950248756218905E-4	
1110.0	0.0029850746268656717	
1112.0	9.950248756218905E-4	
1115.0	0.001990049751243781	
1116.0	0.001990049751243781	
1117.0	9.950248756218905E-4	
1118.0	0.001990049751243781	
1119.0	9.950248756218905E-4	
1124.0	9.950248756218905E-4	
1125.0	9.950248756218905E-4	
1126.0	9.950248756218905E-4	
1127.0	9.950248756218905E-4	
1128.0	9.950248756218905E-4	
1130.0	9.950248756218905E-4	
1131.0	0.001990049751243781	
1133.0	9.950248756218905E-4	
1134.0	0.001990049751243781	
1137.0	0.001990049751243781	
1138.0	0.001990049751243781	
1139.0	9.950248756218905E-4	
1140.0	9.950248756218905E-4	
1142.0	9.950248756218905E-4	
1144.0	0.001990049751243781	
1145.0	9.950248756218905E-4	
1146.0	9.950248756218905E-4	
1147.0	9.950248756218905E-4	
1148.0	0.001990049751243781	
1150.0	9.950248756218905E-4	
1152.0	0.001990049751243781	
1153.0	9.950248756218905E-4	
1154.0	9.950248756218905E-4	
1155.0	9.950248756218905E-4	
1157.0	9.950248756218905E-4	
1159.0	9.950248756218905E-4	
1160.0	9.950248756218905E-4	
1163.0	9.950248756218905E-4	
1168.0	0.001990049751243781	
1169.0	9.950248756218905E-4	
1171.0	0.001990049751243781	
1174.0	0.001990049751243781	
1175.0	9.950248756218905E-4	
1176.0	9.950248756218905E-4	
1178.0	9.950248756218905E-4	
1179.0	9.950248756218905E-4	
1180.0	9.950248756218905E-4	
1183.0	9.950248756218905E-4	
1184.0	9.950248756218905E-4	
1185.0	0.001990049751243781	
1186.0	9.950248756218905E-4	
1189.0	0.001990049751243781	
1190.0	9.950248756218905E-4	
1192.0	9.950248756218905E-4	
1194.0	9.950248756218905E-4	
1196.0	9.950248756218905E-4	
1197.0	9.950248756218905E-4	
1199.0	9.950248756218905E-4	
1200.0	0.0029850746268656717	
1203.0	9.950248756218905E-4	
1205.0	0.001990049751243781	
1206.0	9.950248756218905E-4	
1208.0	9.950248756218905E-4	
1209.0	9.950248756218905E-4	
1211.0	9.950248756218905E-4	
1212.0	9.950248756218905E-4	
1213.0	0.001990049751243781	
1214.0	0.001990049751243781	
1215.0	9.950248756218905E-4	
1216.0	9.950248756218905E-4	
1218.0	0.003980099502487562	
1219.0	9.950248756218905E-4	
1221.0	9.950248756218905E-4	
1222.0	9.950248756218905E-4	
1223.0	9.950248756218905E-4	
1224.0	0.001990049751243781	
1225.0	9.950248756218905E-4	
1226.0	9.950248756218905E-4	
1227.0	9.950248756218905E-4	
1228.0	9.950248756218905E-4	
1229.0	0.001990049751243781	
1230.0	9.950248756218905E-4	
1234.0	9.950248756218905E-4	
1235.0	9.950248756218905E-4	
1237.0	9.950248756218905E-4	
1238.0	9.950248756218905E-4	
1239.0	0.001990049751243781	
1240.0	9.950248756218905E-4	
1241.0	0.0029850746268656717	
1242.0	9.950248756218905E-4	
1243.0	9.950248756218905E-4	
1245.0	9.950248756218905E-4	
1248.0	9.950248756218905E-4	
1251.0	0.001990049751243781	
1254.0	0.001990049751243781	
1255.0	9.950248756218905E-4	
1256.0	0.0029850746268656717	
1257.0	9.950248756218905E-4	
1259.0	9.950248756218905E-4	
1260.0	0.001990049751243781	
1261.0	9.950248756218905E-4	
1262.0	9.950248756218905E-4	
1263.0	0.001990049751243781	
1265.0	9.950248756218905E-4	
1266.0	0.001990049751243781	
1268.0	9.950248756218905E-4	
1269.0	9.950248756218905E-4	
1270.0	9.950248756218905E-4	
1272.0	9.950248756218905E-4	
1274.0	0.001990049751243781	
1275.0	0.003980099502487562	
1277.0	9.950248756218905E-4	
1278.0	0.001990049751243781	
1284.0	9.950248756218905E-4	
1285.0	0.0029850746268656717	
1287.0	9.950248756218905E-4	
1289.0	9.950248756218905E-4	
1290.0	9.950248756218905E-4	
1292.0	9.950248756218905E-4	
1293.0	0.0029850746268656717	
1296.0	9.950248756218905E-4	
1299.0	9.950248756218905E-4	
1300.0	0.001990049751243781	
1302.0	9.950248756218905E-4	
1303.0	9.950248756218905E-4	
1304.0	0.001990049751243781	
1306.0	9.950248756218905E-4	
1307.0	0.001990049751243781	
1309.0	9.950248756218905E-4	
1313.0	9.950248756218905E-4	
1315.0	9.950248756218905E-4	
1316.0	9.950248756218905E-4	
1317.0	9.950248756218905E-4	
1318.0	9.950248756218905E-4	
1319.0	9.950248756218905E-4	
1323.0	9.950248756218905E-4	
1324.0	9.950248756218905E-4	
1328.0	9.950248756218905E-4	
1330.0	9.950248756218905E-4	
1332.0	9.950248756218905E-4	
1336.0	9.950248756218905E-4	
1338.0	0.001990049751243781	
1341.0	9.950248756218905E-4	
1342.0	0.001990049751243781	
1343.0	9.950248756218905E-4	
1344.0	0.0029850746268656717	
1347.0	9.950248756218905E-4	
1349.0	9.950248756218905E-4	
1350.0	9.950248756218905E-4	
1353.0	0.001990049751243781	
1354.0	9.950248756218905E-4	
1358.0	9.950248756218905E-4	
1361.0	0.001990049751243781	
1362.0	0.001990049751243781	
1363.0	0.001990049751243781	
1365.0	0.001990049751243781	
1370.0	9.950248756218905E-4	
1371.0	9.950248756218905E-4	
1372.0	9.950248756218905E-4	
1377.0	0.001990049751243781	
1379.0	0.001990049751243781	
1380.0	9.950248756218905E-4	
1381.0	9.950248756218905E-4	
1384.0	9.950248756218905E-4	
1385.0	0.001990049751243781	
1386.0	0.001990049751243781	
1388.0	9.950248756218905E-4	
1389.0	9.950248756218905E-4	
1391.0	9.950248756218905E-4	
1393.0	9.950248756218905E-4	
1394.0	0.001990049751243781	
1396.0	0.001990049751243781	
1398.0	9.950248756218905E-4	
1399.0	9.950248756218905E-4	
1404.0	9.950248756218905E-4	
1405.0	9.950248756218905E-4	
1408.0	0.001990049751243781	
1411.0	9.950248756218905E-4	
1412.0	9.950248756218905E-4	
1413.0	9.950248756218905E-4	
1415.0	9.950248756218905E-4	
1416.0	9.950248756218905E-4	
1417.0	0.001990049751243781	
1418.0	0.001990049751243781	
1420.0	9.950248756218905E-4	
1421.0	0.0029850746268656717	
1424.0	0.001990049751243781	
1426.0	9.950248756218905E-4	
1427.0	9.950248756218905E-4	
1428.0	0.003980099502487562	
1431.0	9.950248756218905E-4	
1433.0	9.950248756218905E-4	
1434.0	0.001990049751243781	
1436.0	0.001990049751243781	
1437.0	9.950248756218905E-4	
1440.0	0.0029850746268656717	
1444.0	0.0029850746268656717	
1446.0	9.950248756218905E-4	
1450.0	0.0029850746268656717	
1451.0	9.950248756218905E-4	
1453.0	9.950248756218905E-4	
1454.0	0.001990049751243781	
1457.0	0.0029850746268656717	
1459.0	9.950248756218905E-4	
1460.0	9.950248756218905E-4	
1463.0	9.950248756218905E-4	
1464.0	9.950248756218905E-4	
1467.0	9.950248756218905E-4	
1470.0	0.001990049751243781	
1472.0	9.950248756218905E-4	
1473.0	9.950248756218905E-4	
1475.0	0.0029850746268656717	
1480.0	9.950248756218905E-4	
1482.0	9.950248756218905E-4	
1483.0	9.950248756218905E-4	
1485.0	9.950248756218905E-4	
1486.0	0.0029850746268656717	
1488.0	0.0029850746268656717	
1491.0	0.001990049751243781	
1492.0	9.950248756218905E-4	
1497.0	0.001990049751243781	
1498.0	0.001990049751243781	
1499.0	9.950248756218905E-4	
1503.0	9.950248756218905E-4	
1508.0	0.001990049751243781	
1509.0	9.950248756218905E-4	
1512.0	9.950248756218905E-4	
1513.0	9.950248756218905E-4	
1514.0	0.001990049751243781	
1515.0	0.001990049751243781	
1516.0	9.950248756218905E-4	
1517.0	0.001990049751243781	
1518.0	0.001990049751243781	
1519.0	9.950248756218905E-4	
1527.0	0.001990049751243781	
1528.0	9.950248756218905E-4	
1530.0	9.950248756218905E-4	
1531.0	9.950248756218905E-4	
1535.0	9.950248756218905E-4	
1536.0	9.950248756218905E-4	
1537.0	9.950248756218905E-4	
1538.0	0.001990049751243781	
1539.0	9.950248756218905E-4	
1541.0	9.950248756218905E-4	
1542.0	0.001990049751243781	
1544.0	9.950248756218905E-4	
1545.0	9.950248756218905E-4	
1550.0	0.001990049751243781	
1554.0	9.950248756218905E-4	
1556.0	9.950248756218905E-4	
1559.0	9.950248756218905E-4	
1561.0	9.950248756218905E-4	
1567.0	9.950248756218905E-4	
1569.0	0.0029850746268656717	
1573.0	0.001990049751243781	
1574.0	9.950248756218905E-4	
1575.0	9.950248756218905E-4	
1578.0	0.0029850746268656717	
1582.0	9.950248756218905E-4	
1584.0	9.950248756218905E-4	
1586.0	9.950248756218905E-4	
1587.0	9.950248756218905E-4	
1588.0	9.950248756218905E-4	
1589.0	9.950248756218905E-4	
1590.0	9.950248756218905E-4	
1591.0	9.950248756218905E-4	
1592.0	0.001990049751243781	
1596.0	9.950248756218905E-4	
1598.0	9.950248756218905E-4	
1600.0	9.950248756218905E-4	
1602.0	9.950248756218905E-4	
1603.0	9.950248756218905E-4	
1604.0	9.950248756218905E-4	
1606.0	9.950248756218905E-4	
1609.0	9.950248756218905E-4	
1613.0	9.950248756218905E-4	
1614.0	9.950248756218905E-4	
1620.0	9.950248756218905E-4	
1627.0	9.950248756218905E-4	
1628.0	0.001990049751243781	
1630.0	0.0029850746268656717	
1635.0	0.001990049751243781	
1643.0	9.950248756218905E-4	
1644.0	9.950248756218905E-4	
1645.0	9.950248756218905E-4	
1649.0	0.001990049751243781	
1650.0	9.950248756218905E-4	
1651.0	9.950248756218905E-4	
1653.0	9.950248756218905E-4	
1656.0	9.950248756218905E-4	
1658.0	9.950248756218905E-4	
1660.0	9.950248756218905E-4	
1662.0	9.950248756218905E-4	
1668.0	9.950248756218905E-4	
1669.0	9.950248756218905E-4	
1670.0	9.950248756218905E-4	
1671.0	9.950248756218905E-4	
1672.0	9.950248756218905E-4	
1674.0	9.950248756218905E-4	
1681.0	9.950248756218905E-4	
1682.0	9.950248756218905E-4	
1684.0	0.001990049751243781	
1686.0	9.950248756218905E-4	
1687.0	0.001990049751243781	
1688.0	9.950248756218905E-4	
1691.0	0.001990049751243781	
1692.0	9.950248756218905E-4	
1693.0	9.950248756218905E-4	
1694.0	9.950248756218905E-4	
1696.0	9.950248756218905E-4	
1701.0	9.950248756218905E-4	
1705.0	9.950248756218905E-4	
1707.0	9.950248756218905E-4	
1708.0	9.950248756218905E-4	
1709.0	0.001990049751243781	
1711.0	9.950248756218905E-4	
1713.0	9.950248756218905E-4	
1714.0	9.950248756218905E-4	
1716.0	0.001990049751243781	
1718.0	9.950248756218905E-4	
1728.0	9.950248756218905E-4	
1731.0	0.001990049751243781	
1733.0	9.950248756218905E-4	
1734.0	0.001990049751243781	
1735.0	9.950248756218905E-4	
1736.0	0.001990049751243781	
1737.0	9.950248756218905E-4	
1739.0	9.950248756218905E-4	
1740.0	9.950248756218905E-4	
1743.0	9.950248756218905E-4	
1747.0	9.950248756218905E-4	
1748.0	0.001990049751243781	
1753.0	9.950248756218905E-4	
1756.0	9.950248756218905E-4	
1758.0	9.950248756218905E-4	
1760.0	9.950248756218905E-4	
1762.0	9.950248756218905E-4	
1763.0	9.950248756218905E-4	
1765.0	9.950248756218905E-4	
1768.0	0.001990049751243781	
1771.0	9.950248756218905E-4	
1774.0	9.950248756218905E-4	
1775.0	9.950248756218905E-4	
1777.0	9.950248756218905E-4	
1778.0	9.950248756218905E-4	
1781.0	0.0029850746268656717	
1782.0	9.950248756218905E-4	
1783.0	0.001990049751243781	
1787.0	9.950248756218905E-4	
1789.0	9.950248756218905E-4	
1795.0	9.950248756218905E-4	
1797.0	9.950248756218905E-4	
1798.0	9.950248756218905E-4	
1806.0	9.950248756218905E-4	
1807.0	9.950248756218905E-4	
1810.0	9.950248756218905E-4	
1811.0	9.950248756218905E-4	
1812.0	0.001990049751243781	
1815.0	0.001990049751243781	
1819.0	0.001990049751243781	
1822.0	9.950248756218905E-4	
1823.0	9.950248756218905E-4	
1828.0	9.950248756218905E-4	
1834.0	0.001990049751243781	
1835.0	9.950248756218905E-4	
1838.0	0.001990049751243781	
1848.0	9.950248756218905E-4	
1851.0	0.001990049751243781	
1857.0	9.950248756218905E-4	
1859.0	0.001990049751243781	
1861.0	9.950248756218905E-4	
1862.0	9.950248756218905E-4	
1864.0	0.001990049751243781	
1866.0	9.950248756218905E-4	
1869.0	9.950248756218905E-4	
1873.0	9.950248756218905E-4	
1876.0	9.950248756218905E-4	
1881.0	9.950248756218905E-4	
1882.0	0.001990049751243781	
1886.0	9.950248756218905E-4	
1887.0	9.950248756218905E-4	
1888.0	9.950248756218905E-4	
1889.0	0.001990049751243781	
1890.0	9.950248756218905E-4	
1892.0	9.950248756218905E-4	
1893.0	9.950248756218905E-4	
1896.0	9.950248756218905E-4	
1898.0	9.950248756218905E-4	
1901.0	9.950248756218905E-4	
1906.0	9.950248756218905E-4	
1913.0	0.001990049751243781	
1914.0	9.950248756218905E-4	
1916.0	9.950248756218905E-4	
1918.0	0.001990049751243781	
1919.0	9.950248756218905E-4	
1924.0	9.950248756218905E-4	
1926.0	0.0029850746268656717	
1931.0	9.950248756218905E-4	
1937.0	9.950248756218905E-4	
1942.0	9.950248756218905E-4	
1945.0	9.950248756218905E-4	
1947.0	9.950248756218905E-4	
1951.0	9.950248756218905E-4	
1952.0	9.950248756218905E-4	
1953.0	9.950248756218905E-4	
1955.0	9.950248756218905E-4	
1957.0	9.950248756218905E-4	
1958.0	9.950248756218905E-4	
1966.0	9.950248756218905E-4	
1971.0	9.950248756218905E-4	
1972.0	9.950248756218905E-4	
1973.0	0.001990049751243781	
1978.0	9.950248756218905E-4	
1979.0	9.950248756218905E-4	
1980.0	0.0029850746268656717	
1982.0	9.950248756218905E-4	
1985.0	9.950248756218905E-4	
1987.0	9.950248756218905E-4	
1988.0	0.001990049751243781	
1992.0	9.950248756218905E-4	
1996.0	9.950248756218905E-4	
1999.0	9.950248756218905E-4	
2002.0	9.950248756218905E-4	
2003.0	9.950248756218905E-4	
2004.0	9.950248756218905E-4	
2006.0	9.950248756218905E-4	
2015.0	9.950248756218905E-4	
2019.0	9.950248756218905E-4	
2021.0	9.950248756218905E-4	
2023.0	9.950248756218905E-4	
2025.0	9.950248756218905E-4	
2026.0	9.950248756218905E-4	
2030.0	9.950248756218905E-4	
2031.0	9.950248756218905E-4	
2032.0	9.950248756218905E-4	
2034.0	9.950248756218905E-4	
2038.0	9.950248756218905E-4	
2042.0	9.950248756218905E-4	
2045.0	9.950248756218905E-4	
2046.0	9.950248756218905E-4	
2049.0	9.950248756218905E-4	
2053.0	9.950248756218905E-4	
2056.0	9.950248756218905E-4	
2061.0	9.950248756218905E-4	
2064.0	9.950248756218905E-4	
2070.0	0.001990049751243781	
2076.0	0.001990049751243781	
2077.0	0.001990049751243781	
2078.0	9.950248756218905E-4	
2079.0	0.001990049751243781	
2083.0	9.950248756218905E-4	
2084.0	9.950248756218905E-4	
2093.0	0.001990049751243781	
2094.0	9.950248756218905E-4	
2096.0	9.950248756218905E-4	
2097.0	9.950248756218905E-4	
2103.0	9.950248756218905E-4	
2104.0	9.950248756218905E-4	
2107.0	9.950248756218905E-4	
2108.0	9.950248756218905E-4	
2111.0	9.950248756218905E-4	
2113.0	9.950248756218905E-4	
2116.0	9.950248756218905E-4	
2117.0	9.950248756218905E-4	
2118.0	9.950248756218905E-4	
2125.0	9.950248756218905E-4	
2126.0	9.950248756218905E-4	
2128.0	9.950248756218905E-4	
2133.0	9.950248756218905E-4	
2139.0	9.950248756218905E-4	
2145.0	9.950248756218905E-4	
2150.0	0.001990049751243781	
2157.0	9.950248756218905E-4	
2161.0	9.950248756218905E-4	
2164.0	0.001990049751243781	
2172.0	9.950248756218905E-4	
2177.0	9.950248756218905E-4	
2184.0	9.950248756218905E-4	
2187.0	9.950248756218905E-4	
2191.0	9.950248756218905E-4	
2194.0	9.950248756218905E-4	
2205.0	9.950248756218905E-4	
2206.0	9.950248756218905E-4	
2207.0	9.950248756218905E-4	
2210.0	9.950248756218905E-4	
2213.0	9.950248756218905E-4	
2214.0	9.950248756218905E-4	
2215.0	9.950248756218905E-4	
2219.0	9.950248756218905E-4	
2224.0	9.950248756218905E-4	
2226.0	9.950248756218905E-4	
2230.0	9.950248756218905E-4	
2231.0	9.950248756218905E-4	
2233.0	9.950248756218905E-4	
2238.0	9.950248756218905E-4	
2239.0	9.950248756218905E-4	
2243.0	0.001990049751243781	
2246.0	9.950248756218905E-4	
2250.0	9.950248756218905E-4	
2253.0	0.001990049751243781	
2258.0	9.950248756218905E-4	
2259.0	0.001990049751243781	
2269.0	9.950248756218905E-4	
2281.0	9.950248756218905E-4	
2285.0	9.950248756218905E-4	
2288.0	9.950248756218905E-4	
2290.0	9.950248756218905E-4	
2293.0	9.950248756218905E-4	
2296.0	9.950248756218905E-4	
2304.0	0.001990049751243781	
2305.0	9.950248756218905E-4	
2306.0	9.950248756218905E-4	
2307.0	9.950248756218905E-4	
2308.0	9.950248756218905E-4	
2311.0	9.950248756218905E-4	
2316.0	9.950248756218905E-4	
2317.0	9.950248756218905E-4	
2322.0	9.950248756218905E-4	
2324.0	9.950248756218905E-4	
2334.0	9.950248756218905E-4	
2337.0	9.950248756218905E-4	
2342.0	9.950248756218905E-4	
2343.0	9.950248756218905E-4	
2348.0	9.950248756218905E-4	
2356.0	0.0029850746268656717	
2360.0	9.950248756218905E-4	
2372.0	9.950248756218905E-4	
2384.0	9.950248756218905E-4	
2387.0	9.950248756218905E-4	
2389.0	0.0029850746268656717	
2392.0	9.950248756218905E-4	
2393.0	9.950248756218905E-4	
2394.0	9.950248756218905E-4	
2399.0	9.950248756218905E-4	
2402.0	9.950248756218905E-4	
2403.0	9.950248756218905E-4	
2404.0	9.950248756218905E-4	
2405.0	9.950248756218905E-4	
2414.0	9.950248756218905E-4	
2420.0	9.950248756218905E-4	
2421.0	0.0029850746268656717	
2423.0	9.950248756218905E-4	
2424.0	9.950248756218905E-4	
2429.0	9.950248756218905E-4	
2432.0	9.950248756218905E-4	
2435.0	9.950248756218905E-4	
2438.0	9.950248756218905E-4	
2443.0	9.950248756218905E-4	
2448.0	9.950248756218905E-4	
2450.0	9.950248756218905E-4	
2451.0	9.950248756218905E-4	
2453.0	9.950248756218905E-4	
2459.0	9.950248756218905E-4	
2464.0	9.950248756218905E-4	
2469.0	9.950248756218905E-4	
2470.0	9.950248756218905E-4	
2471.0	9.950248756218905E-4	
2473.0	0.001990049751243781	
2477.0	9.950248756218905E-4	
2481.0	9.950248756218905E-4	
2482.0	0.001990049751243781	
2483.0	0.001990049751243781	
2484.0	9.950248756218905E-4	
2486.0	9.950248756218905E-4	
2494.0	9.950248756218905E-4	
2495.0	9.950248756218905E-4	
2504.0	9.950248756218905E-4	
2505.0	0.001990049751243781	
2510.0	9.950248756218905E-4	
2521.0	9.950248756218905E-4	
2522.0	9.950248756218905E-4	
2525.0	9.950248756218905E-4	
2526.0	9.950248756218905E-4	
2530.0	9.950248756218905E-4	
2543.0	9.950248756218905E-4	
2545.0	9.950248756218905E-4	
2547.0	9.950248756218905E-4	
2549.0	9.950248756218905E-4	
2552.0	9.950248756218905E-4	
2554.0	9.950248756218905E-4	
2558.0	9.950248756218905E-4	
2559.0	9.950248756218905E-4	
2560.0	9.950248756218905E-4	
2564.0	9.950248756218905E-4	
2566.0	9.950248756218905E-4	
2570.0	9.950248756218905E-4	
2573.0	9.950248756218905E-4	
2575.0	9.950248756218905E-4	
2577.0	9.950248756218905E-4	
2581.0	9.950248756218905E-4	
2584.0	9.950248756218905E-4	
2590.0	9.950248756218905E-4	
2591.0	9.950248756218905E-4	
2596.0	9.950248756218905E-4	
2602.0	9.950248756218905E-4	
2603.0	9.950248756218905E-4	
2606.0	9.950248756218905E-4	
2611.0	9.950248756218905E-4	
2614.0	9.950248756218905E-4	
2619.0	9.950248756218905E-4	
2620.0	9.950248756218905E-4	
2621.0	9.950248756218905E-4	
2623.0	9.950248756218905E-4	
2627.0	9.950248756218905E-4	
2628.0	9.950248756218905E-4	
2631.0	9.950248756218905E-4	
2632.0	9.950248756218905E-4	
2633.0	9.950248756218905E-4	
2634.0	9.950248756218905E-4	
2637.0	9.950248756218905E-4	
2643.0	0.001990049751243781	
2648.0	9.950248756218905E-4	
2652.0	9.950248756218905E-4	
2658.0	9.950248756218905E-4	
2661.0	9.950248756218905E-4	
2668.0	9.950248756218905E-4	
2672.0	9.950248756218905E-4	
2679.0	9.950248756218905E-4	
2684.0	9.950248756218905E-4	
2689.0	9.950248756218905E-4	
2691.0	9.950248756218905E-4	
2694.0	0.001990049751243781	
2697.0	9.950248756218905E-4	
2700.0	9.950248756218905E-4	
2705.0	9.950248756218905E-4	
2710.0	9.950248756218905E-4	
2712.0	9.950248756218905E-4	
2713.0	9.950248756218905E-4	
2718.0	9.950248756218905E-4	
2725.0	9.950248756218905E-4	
2733.0	9.950248756218905E-4	
2744.0	0.0029850746268656717	
2745.0	9.950248756218905E-4	
2757.0	9.950248756218905E-4	
2758.0	9.950248756218905E-4	
2770.0	0.001990049751243781	
2773.0	9.950248756218905E-4	
2775.0	9.950248756218905E-4	
2778.0	9.950248756218905E-4	
2790.0	9.950248756218905E-4	
2793.0	9.950248756218905E-4	
2797.0	9.950248756218905E-4	
2798.0	9.950248756218905E-4	
2807.0	9.950248756218905E-4	
2809.0	9.950248756218905E-4	
2811.0	9.950248756218905E-4	
2812.0	9.950248756218905E-4	
2813.0	9.950248756218905E-4	
2815.0	0.001990049751243781	
2818.0	0.001990049751243781	
2827.0	9.950248756218905E-4	
2829.0	0.0029850746268656717	
2832.0	0.001990049751243781	
2836.0	0.001990049751243781	
2840.0	9.950248756218905E-4	
2844.0	9.950248756218905E-4	
2845.0	9.950248756218905E-4	
2847.0	9.950248756218905E-4	
2849.0	9.950248756218905E-4	
2851.0	9.950248756218905E-4	
2858.0	0.001990049751243781	
2859.0	0.001990049751243781	
2864.0	9.950248756218905E-4	
2865.0	9.950248756218905E-4	
2877.0	9.950248756218905E-4	
2881.0	9.950248756218905E-4	
2889.0	9.950248756218905E-4	
2892.0	9.950248756218905E-4	
2894.0	9.950248756218905E-4	
2897.0	9.950248756218905E-4	
2898.0	9.950248756218905E-4	
2901.0	9.950248756218905E-4	
2910.0	9.950248756218905E-4	
2913.0	9.950248756218905E-4	
2914.0	9.950248756218905E-4	
2915.0	9.950248756218905E-4	
2922.0	9.950248756218905E-4	
2931.0	9.950248756218905E-4	
2941.0	9.950248756218905E-4	
2943.0	9.950248756218905E-4	
2944.0	9.950248756218905E-4	
2953.0	9.950248756218905E-4	
2954.0	9.950248756218905E-4	
2963.0	9.950248756218905E-4	
2968.0	9.950248756218905E-4	
2974.0	9.950248756218905E-4	
2979.0	9.950248756218905E-4	
2983.0	9.950248756218905E-4	
2986.0	9.950248756218905E-4	
2988.0	9.950248756218905E-4	
2991.0	0.001990049751243781	
3000.0	9.950248756218905E-4	
3015.0	9.950248756218905E-4	
3022.0	9.950248756218905E-4	
3023.0	9.950248756218905E-4	
3024.0	9.950248756218905E-4	
3026.0	9.950248756218905E-4	
3029.0	9.950248756218905E-4	
3030.0	9.950248756218905E-4	
3033.0	9.950248756218905E-4	
3042.0	0.001990049751243781	
3049.0	9.950248756218905E-4	
3055.0	9.950248756218905E-4	
3058.0	9.950248756218905E-4	
3059.0	9.950248756218905E-4	
3060.0	9.950248756218905E-4	
3062.0	9.950248756218905E-4	
3063.0	9.950248756218905E-4	
3068.0	9.950248756218905E-4	
3069.0	9.950248756218905E-4	
3072.0	9.950248756218905E-4	
3079.0	9.950248756218905E-4	
3084.0	9.950248756218905E-4	
3085.0	9.950248756218905E-4	
3087.0	0.001990049751243781	
3099.0	9.950248756218905E-4	
3101.0	9.950248756218905E-4	
3104.0	9.950248756218905E-4	
3105.0	0.001990049751243781	
3109.0	9.950248756218905E-4	
3114.0	9.950248756218905E-4	
3125.0	9.950248756218905E-4	
3126.0	9.950248756218905E-4	
3130.0	9.950248756218905E-4	
3133.0	9.950248756218905E-4	
3143.0	9.950248756218905E-4	
3145.0	9.950248756218905E-4	
3148.0	9.950248756218905E-4	
3153.0	9.950248756218905E-4	
3160.0	9.950248756218905E-4	
3171.0	9.950248756218905E-4	
3173.0	9.950248756218905E-4	
3193.0	9.950248756218905E-4	
3194.0	9.950248756218905E-4	
3198.0	9.950248756218905E-4	
3202.0	9.950248756218905E-4	
3205.0	9.950248756218905E-4	
3206.0	9.950248756218905E-4	
3229.0	9.950248756218905E-4	
3239.0	9.950248756218905E-4	
3240.0	0.001990049751243781	
3242.0	9.950248756218905E-4	
3249.0	9.950248756218905E-4	
3250.0	9.950248756218905E-4	
3260.0	9.950248756218905E-4	
3276.0	9.950248756218905E-4	
3277.0	9.950248756218905E-4	
3281.0	9.950248756218905E-4	
3292.0	9.950248756218905E-4	
3319.0	0.001990049751243781	
3326.0	9.950248756218905E-4	
3343.0	0.001990049751243781	
3344.0	9.950248756218905E-4	
3346.0	0.001990049751243781	
3355.0	9.950248756218905E-4	
3359.0	9.950248756218905E-4	
3360.0	9.950248756218905E-4	
3366.0	9.950248756218905E-4	
3372.0	9.950248756218905E-4	
3373.0	9.950248756218905E-4	
3374.0	9.950248756218905E-4	
3375.0	9.950248756218905E-4	
3376.0	9.950248756218905E-4	
3380.0	9.950248756218905E-4	
3383.0	9.950248756218905E-4	
3386.0	9.950248756218905E-4	
3387.0	9.950248756218905E-4	
3391.0	9.950248756218905E-4	
3398.0	9.950248756218905E-4	
3399.0	9.950248756218905E-4	
3402.0	9.950248756218905E-4	
3407.0	9.950248756218905E-4	
3408.0	0.001990049751243781	
3409.0	9.950248756218905E-4	
3411.0	9.950248756218905E-4	
3415.0	9.950248756218905E-4	
3417.0	9.950248756218905E-4	
3421.0	9.950248756218905E-4	
3422.0	9.950248756218905E-4	
3428.0	9.950248756218905E-4	
3434.0	9.950248756218905E-4	
3449.0	9.950248756218905E-4	
3451.0	9.950248756218905E-4	
3454.0	9.950248756218905E-4	
3457.0	9.950248756218905E-4	
3471.0	9.950248756218905E-4	
3473.0	9.950248756218905E-4	
3483.0	9.950248756218905E-4	
3495.0	9.950248756218905E-4	
3498.0	9.950248756218905E-4	
3504.0	9.950248756218905E-4	
3506.0	9.950248756218905E-4	
3507.0	9.950248756218905E-4	
3514.0	9.950248756218905E-4	
3516.0	9.950248756218905E-4	
3518.0	9.950248756218905E-4	
3520.0	9.950248756218905E-4	
3523.0	9.950248756218905E-4	
3524.0	9.950248756218905E-4	
3526.0	9.950248756218905E-4	
3528.0	0.001990049751243781	
3539.0	9.950248756218905E-4	
3547.0	9.950248756218905E-4	
3550.0	9.950248756218905E-4	
3551.0	9.950248756218905E-4	
3552.0	9.950248756218905E-4	
3556.0	9.950248756218905E-4	
3560.0	0.001990049751243781	
3564.0	9.950248756218905E-4	
3565.0	9.950248756218905E-4	
3574.0	9.950248756218905E-4	
3579.0	0.001990049751243781	
3581.0	0.001990049751243781	
3583.0	9.950248756218905E-4	
3587.0	9.950248756218905E-4	
3589.0	9.950248756218905E-4	
3590.0	9.950248756218905E-4	
3595.0	0.001990049751243781	
3598.0	9.950248756218905E-4	
3606.0	9.950248756218905E-4	
3609.0	9.950248756218905E-4	
3618.0	9.950248756218905E-4	
3630.0	9.950248756218905E-4	
3632.0	0.001990049751243781	
3645.0	9.950248756218905E-4	
3654.0	9.950248756218905E-4	
3659.0	9.950248756218905E-4	
3664.0	0.001990049751243781	
3667.0	9.950248756218905E-4	
3675.0	9.950248756218905E-4	
3679.0	9.950248756218905E-4	
3685.0	9.950248756218905E-4	
3687.0	9.950248756218905E-4	
3694.0	9.950248756218905E-4	
3696.0	0.001990049751243781	
3709.0	9.950248756218905E-4	
3710.0	9.950248756218905E-4	
3713.0	0.001990049751243781	
3717.0	9.950248756218905E-4	
3731.0	9.950248756218905E-4	
3741.0	9.950248756218905E-4	
3743.0	9.950248756218905E-4	
3744.0	9.950248756218905E-4	
3749.0	9.950248756218905E-4	
3750.0	9.950248756218905E-4	
3761.0	9.950248756218905E-4	
3765.0	9.950248756218905E-4	
3772.0	9.950248756218905E-4	
3773.0	9.950248756218905E-4	
3774.0	9.950248756218905E-4	
3775.0	9.950248756218905E-4	
3776.0	9.950248756218905E-4	
3784.0	9.950248756218905E-4	
3791.0	9.950248756218905E-4	
3792.0	9.950248756218905E-4	
3795.0	9.950248756218905E-4	
3798.0	9.950248756218905E-4	
3804.0	0.001990049751243781	
3806.0	9.950248756218905E-4	
3818.0	9.950248756218905E-4	
3820.0	9.950248756218905E-4	
3830.0	9.950248756218905E-4	
3840.0	9.950248756218905E-4	
3841.0	0.001990049751243781	
3842.0	9.950248756218905E-4	
3847.0	9.950248756218905E-4	
3860.0	9.950248756218905E-4	
3872.0	9.950248756218905E-4	
3874.0	9.950248756218905E-4	
3879.0	9.950248756218905E-4	
3881.0	9.950248756218905E-4	
3886.0	0.0029850746268656717	
3891.0	9.950248756218905E-4	
3903.0	9.950248756218905E-4	
3910.0	9.950248756218905E-4	
3929.0	9.950248756218905E-4	
3941.0	9.950248756218905E-4	
3944.0	9.950248756218905E-4	
3949.0	9.950248756218905E-4	
3955.0	9.950248756218905E-4	
3962.0	9.950248756218905E-4	
3963.0	9.950248756218905E-4	
3965.0	9.950248756218905E-4	
3971.0	9.950248756218905E-4	
3972.0	9.950248756218905E-4	
3975.0	9.950248756218905E-4	
3988.0	9.950248756218905E-4	
3989.0	9.950248756218905E-4	
3998.0	9.950248756218905E-4	
3999.0	9.950248756218905E-4	
4005.0	9.950248756218905E-4	
4010.0	9.950248756218905E-4	
4025.0	9.950248756218905E-4	
4026.0	9.950248756218905E-4	
4030.0	0.001990049751243781	
4032.0	9.950248756218905E-4	
4037.0	9.950248756218905E-4	
4041.0	9.950248756218905E-4	
4044.0	9.950248756218905E-4	
4045.0	9.950248756218905E-4	
4050.0	9.950248756218905E-4	
4055.0	9.950248756218905E-4	
4080.0	9.950248756218905E-4	
4092.0	9.950248756218905E-4	
4094.0	9.950248756218905E-4	
4103.0	9.950248756218905E-4	
4104.0	9.950248756218905E-4	
4111.0	9.950248756218905E-4	
4131.0	9.950248756218905E-4	
4140.0	9.950248756218905E-4	
4142.0	9.950248756218905E-4	
4143.0	9.950248756218905E-4	
4145.0	9.950248756218905E-4	
4146.0	9.950248756218905E-4	
4148.0	9.950248756218905E-4	
4152.0	9.950248756218905E-4	
4158.0	9.950248756218905E-4	
4165.0	9.950248756218905E-4	
4166.0	9.950248756218905E-4	
4170.0	9.950248756218905E-4	
4180.0	9.950248756218905E-4	
4187.0	9.950248756218905E-4	
4196.0	0.001990049751243781	
4208.0	9.950248756218905E-4	
4211.0	9.950248756218905E-4	
4216.0	9.950248756218905E-4	
4218.0	0.001990049751243781	
4224.0	9.950248756218905E-4	
4226.0	9.950248756218905E-4	
4229.0	9.950248756218905E-4	
4231.0	9.950248756218905E-4	
4234.0	9.950248756218905E-4	
4245.0	9.950248756218905E-4	
4248.0	0.001990049751243781	
4254.0	9.950248756218905E-4	
4257.0	9.950248756218905E-4	
4261.0	9.950248756218905E-4	
4269.0	9.950248756218905E-4	
4273.0	9.950248756218905E-4	
4283.0	9.950248756218905E-4	
4293.0	9.950248756218905E-4	
4310.0	9.950248756218905E-4	
4313.0	9.950248756218905E-4	
4314.0	9.950248756218905E-4	
4316.0	9.950248756218905E-4	
4319.0	9.950248756218905E-4	
4322.0	9.950248756218905E-4	
4325.0	9.950248756218905E-4	
4330.0	0.001990049751243781	
4332.0	9.950248756218905E-4	
4341.0	9.950248756218905E-4	
4342.0	0.001990049751243781	
4346.0	9.950248756218905E-4	
4348.0	9.950248756218905E-4	
4352.0	9.950248756218905E-4	
4353.0	9.950248756218905E-4	
4354.0	9.950248756218905E-4	
4357.0	9.950248756218905E-4	
4368.0	9.950248756218905E-4	
4374.0	9.950248756218905E-4	
4375.0	9.950248756218905E-4	
4377.0	9.950248756218905E-4	
4378.0	9.950248756218905E-4	
4391.0	9.950248756218905E-4	
4399.0	9.950248756218905E-4	
4403.0	9.950248756218905E-4	
4404.0	9.950248756218905E-4	
4408.0	0.001990049751243781	
4412.0	9.950248756218905E-4	
4422.0	9.950248756218905E-4	
4423.0	9.950248756218905E-4	
4426.0	9.950248756218905E-4	
4427.0	9.950248756218905E-4	
4429.0	9.950248756218905E-4	
4440.0	9.950248756218905E-4	
4442.0	9.950248756218905E-4	
4444.0	9.950248756218905E-4	
4454.0	9.950248756218905E-4	
4456.0	9.950248756218905E-4	
4460.0	0.001990049751243781	
4465.0	0.001990049751243781	
4469.0	9.950248756218905E-4	
4477.0	9.950248756218905E-4	
4479.0	0.001990049751243781	
4480.0	9.950248756218905E-4	
4492.0	9.950248756218905E-4	
4496.0	9.950248756218905E-4	
4499.0	9.950248756218905E-4	
4501.0	9.950248756218905E-4	
4503.0	0.001990049751243781	
4509.0	9.950248756218905E-4	
4515.0	9.950248756218905E-4	
4519.0	9.950248756218905E-4	
4527.0	9.950248756218905E-4	
4528.0	9.950248756218905E-4	
4538.0	9.950248756218905E-4	
4540.0	9.950248756218905E-4	
4541.0	9.950248756218905E-4	
4543.0	0.001990049751243781	
4546.0	9.950248756218905E-4	
4549.0	9.950248756218905E-4	
4553.0	9.950248756218905E-4	
4557.0	9.950248756218905E-4	
4561.0	9.950248756218905E-4	
4564.0	9.950248756218905E-4	
4567.0	9.950248756218905E-4	
4569.0	9.950248756218905E-4	
4570.0	9.950248756218905E-4	
4573.0	9.950248756218905E-4	
4581.0	9.950248756218905E-4	
4589.0	0.001990049751243781	
4599.0	9.950248756218905E-4	
4600.0	9.950248756218905E-4	
4605.0	9.950248756218905E-4	
4619.0	9.950248756218905E-4	
4620.0	9.950248756218905E-4	
4633.0	9.950248756218905E-4	
4634.0	9.950248756218905E-4	
4638.0	9.950248756218905E-4	
4639.0	9.950248756218905E-4	
4641.0	9.950248756218905E-4	
4642.0	9.950248756218905E-4	
4654.0	0.001990049751243781	
4673.0	9.950248756218905E-4	
4675.0	9.950248756218905E-4	
4677.0	9.950248756218905E-4	
4682.0	0.001990049751243781	
4684.0	9.950248756218905E-4	
4685.0	0.0029850746268656717	
4697.0	9.950248756218905E-4	
4702.0	0.001990049751243781	
4703.0	9.950248756218905E-4	
4712.0	9.950248756218905E-4	
4714.0	0.001990049751243781	
4723.0	9.950248756218905E-4	
4729.0	9.950248756218905E-4	
4732.0	9.950248756218905E-4	
4739.0	9.950248756218905E-4	
4740.0	9.950248756218905E-4	
4741.0	9.950248756218905E-4	
4745.0	0.001990049751243781	
4746.0	0.001990049751243781	
4754.0	9.950248756218905E-4	
4758.0	9.950248756218905E-4	
4764.0	9.950248756218905E-4	
4769.0	9.950248756218905E-4	
4771.0	9.950248756218905E-4	
4772.0	9.950248756218905E-4	
4779.0	9.950248756218905E-4	
4782.0	9.950248756218905E-4	
4783.0	9.950248756218905E-4	
4788.0	9.950248756218905E-4	
4799.0	9.950248756218905E-4	
4808.0	9.950248756218905E-4	
4818.0	9.950248756218905E-4	
4819.0	9.950248756218905E-4	
4821.0	9.950248756218905E-4	
4831.0	9.950248756218905E-4	
4839.0	9.950248756218905E-4	
4848.0	9.950248756218905E-4	
4852.0	9.950248756218905E-4	
4856.0	9.950248756218905E-4	
4858.0	9.950248756218905E-4	
4862.0	9.950248756218905E-4	
4865.0	9.950248756218905E-4	
4873.0	0.001990049751243781	
4878.0	9.950248756218905E-4	
4885.0	9.950248756218905E-4	
4914.0	0.001990049751243781	
4916.0	9.950248756218905E-4	
4923.0	9.950248756218905E-4	
4928.0	9.950248756218905E-4	
4930.0	9.950248756218905E-4	
4936.0	9.950248756218905E-4	
4941.0	9.950248756218905E-4	
4944.0	9.950248756218905E-4	
4951.0	9.950248756218905E-4	
4956.0	9.950248756218905E-4	
4960.0	9.950248756218905E-4	
4961.0	9.950248756218905E-4	
4962.0	9.950248756218905E-4	
4965.0	9.950248756218905E-4	
4971.0	9.950248756218905E-4	
4972.0	9.950248756218905E-4	
4976.0	9.950248756218905E-4	
4978.0	9.950248756218905E-4	
4994.0	9.950248756218905E-4	
5000.0	0.001990049751243781	
5003.0	9.950248756218905E-4	
5011.0	9.950248756218905E-4	
5014.0	9.950248756218905E-4	
5023.0	0.001990049751243781	
5027.0	9.950248756218905E-4	
5035.0	9.950248756218905E-4	
5042.0	0.0029850746268656717	
5045.0	9.950248756218905E-4	
5048.0	9.950248756218905E-4	
5052.0	9.950248756218905E-4	
5056.0	9.950248756218905E-4	
5058.0	9.950248756218905E-4	
5078.0	9.950248756218905E-4	
5080.0	9.950248756218905E-4	
5081.0	9.950248756218905E-4	
5084.0	9.950248756218905E-4	
5087.0	9.950248756218905E-4	
5088.0	9.950248756218905E-4	
5101.0	9.950248756218905E-4	
5105.0	9.950248756218905E-4	
5106.0	9.950248756218905E-4	
5107.0	9.950248756218905E-4	
5108.0	9.950248756218905E-4	
5119.0	9.950248756218905E-4	
5127.0	9.950248756218905E-4	
5136.0	9.950248756218905E-4	
5139.0	9.950248756218905E-4	
5140.0	9.950248756218905E-4	
5142.0	9.950248756218905E-4	
5151.0	9.950248756218905E-4	
5153.0	9.950248756218905E-4	
5159.0	9.950248756218905E-4	
5163.0	0.001990049751243781	
5165.0	0.001990049751243781	
5167.0	9.950248756218905E-4	
5175.0	9.950248756218905E-4	
5178.0	9.950248756218905E-4	
5182.0	9.950248756218905E-4	
5184.0	9.950248756218905E-4	
5188.0	9.950248756218905E-4	
5194.0	9.950248756218905E-4	
5196.0	9.950248756218905E-4	
5210.0	9.950248756218905E-4	
5214.0	9.950248756218905E-4	
5221.0	9.950248756218905E-4	
5230.0	9.950248756218905E-4	
5234.0	9.950248756218905E-4	
5243.0	9.950248756218905E-4	
5245.0	9.950248756218905E-4	
5250.0	9.950248756218905E-4	
5252.0	9.950248756218905E-4	
5255.0	9.950248756218905E-4	
5258.0	9.950248756218905E-4	
5259.0	9.950248756218905E-4	
5263.0	9.950248756218905E-4	
5264.0	9.950248756218905E-4	
5265.0	9.950248756218905E-4	
5267.0	9.950248756218905E-4	
5269.0	9.950248756218905E-4	
5271.0	9.950248756218905E-4	
5281.0	9.950248756218905E-4	
5291.0	9.950248756218905E-4	
5306.0	9.950248756218905E-4	
5312.0	9.950248756218905E-4	
5323.0	9.950248756218905E-4	
5324.0	9.950248756218905E-4	
5331.0	0.001990049751243781	
5335.0	9.950248756218905E-4	
5342.0	9.950248756218905E-4	
5346.0	9.950248756218905E-4	
5349.0	9.950248756218905E-4	
5367.0	9.950248756218905E-4	
5370.0	0.001990049751243781	
5378.0	9.950248756218905E-4	
5380.0	0.001990049751243781	
5382.0	9.950248756218905E-4	
5396.0	9.950248756218905E-4	
5401.0	9.950248756218905E-4	
5405.0	9.950248756218905E-4	
5407.0	9.950248756218905E-4	
5421.0	9.950248756218905E-4	
5422.0	9.950248756218905E-4	
5425.0	9.950248756218905E-4	
5428.0	9.950248756218905E-4	
5429.0	9.950248756218905E-4	
5430.0	9.950248756218905E-4	
5436.0	9.950248756218905E-4	
5437.0	9.950248756218905E-4	
5441.0	9.950248756218905E-4	
5442.0	9.950248756218905E-4	
5454.0	9.950248756218905E-4	
5455.0	9.950248756218905E-4	
5456.0	0.001990049751243781	
5459.0	9.950248756218905E-4	
5472.0	9.950248756218905E-4	
5480.0	9.950248756218905E-4	
5481.0	0.001990049751243781	
5482.0	9.950248756218905E-4	
5487.0	9.950248756218905E-4	
5498.0	9.950248756218905E-4	
5506.0	9.950248756218905E-4	
5511.0	9.950248756218905E-4	
5513.0	9.950248756218905E-4	
5515.0	9.950248756218905E-4	
5518.0	9.950248756218905E-4	
5521.0	9.950248756218905E-4	
5530.0	9.950248756218905E-4	
5531.0	9.950248756218905E-4	
5532.0	9.950248756218905E-4	
5541.0	9.950248756218905E-4	
5548.0	9.950248756218905E-4	
5555.0	9.950248756218905E-4	
5556.0	9.950248756218905E-4	
5557.0	9.950248756218905E-4	
5558.0	9.950248756218905E-4	
5564.0	0.001990049751243781	
5565.0	9.950248756218905E-4	
5566.0	9.950248756218905E-4	
5576.0	9.950248756218905E-4	
5578.0	9.950248756218905E-4	
5601.0	9.950248756218905E-4	
5602.0	9.950248756218905E-4	
5603.0	9.950248756218905E-4	
5604.0	9.950248756218905E-4	
5606.0	0.001990049751243781	
5609.0	9.950248756218905E-4	
5617.0	9.950248756218905E-4	
5620.0	9.950248756218905E-4	
5625.0	9.950248756218905E-4	
5635.0	9.950248756218905E-4	
5639.0	0.001990049751243781	
5649.0	9.950248756218905E-4	
5650.0	9.950248756218905E-4	
5655.0	9.950248756218905E-4	
5659.0	9.950248756218905E-4	
5667.0	9.950248756218905E-4	
5670.0	9.950248756218905E-4	
5681.0	9.950248756218905E-4	
5682.0	9.950248756218905E-4	
5689.0	9.950248756218905E-4	
5693.0	9.950248756218905E-4	
5695.0	9.950248756218905E-4	
5702.0	9.950248756218905E-4	
5712.0	9.950248756218905E-4	
5719.0	0.001990049751243781	
5720.0	9.950248756218905E-4	
5731.0	9.950248756218905E-4	
5738.0	9.950248756218905E-4	
5747.0	9.950248756218905E-4	
5769.0	9.950248756218905E-4	
5778.0	9.950248756218905E-4	
5779.0	9.950248756218905E-4	
5797.0	9.950248756218905E-4	
5798.0	9.950248756218905E-4	
5800.0	9.950248756218905E-4	
5808.0	9.950248756218905E-4	
5820.0	0.001990049751243781	
5821.0	9.950248756218905E-4	
5838.0	9.950248756218905E-4	
5851.0	9.950248756218905E-4	
5858.0	9.950248756218905E-4	
5872.0	9.950248756218905E-4	
5881.0	9.950248756218905E-4	
5882.0	9.950248756218905E-4	
5884.0	9.950248756218905E-4	
5892.0	9.950248756218905E-4	
5896.0	9.950248756218905E-4	
5901.0	9.950248756218905E-4	
5905.0	9.950248756218905E-4	
5909.0	9.950248756218905E-4	
5912.0	9.950248756218905E-4	
5916.0	9.950248756218905E-4	
5930.0	9.950248756218905E-4	
5937.0	9.950248756218905E-4	
5941.0	9.950248756218905E-4	
5945.0	9.950248756218905E-4	
5947.0	9.950248756218905E-4	
5960.0	9.950248756218905E-4	
5964.0	0.001990049751243781	
5970.0	9.950248756218905E-4	
5976.0	9.950248756218905E-4	
5979.0	9.950248756218905E-4	
5981.0	9.950248756218905E-4	
5983.0	9.950248756218905E-4	
5992.0	9.950248756218905E-4	
5997.0	9.950248756218905E-4	
6003.0	9.950248756218905E-4	
6007.0	9.950248756218905E-4	
6012.0	9.950248756218905E-4	
6020.0	9.950248756218905E-4	
6024.0	9.950248756218905E-4	
6048.0	9.950248756218905E-4	
6051.0	9.950248756218905E-4	
6065.0	9.950248756218905E-4	
6078.0	9.950248756218905E-4	
6079.0	9.950248756218905E-4	
6087.0	9.950248756218905E-4	
6091.0	9.950248756218905E-4	
6094.0	9.950248756218905E-4	
6101.0	9.950248756218905E-4	
6108.0	9.950248756218905E-4	
6113.0	9.950248756218905E-4	
6117.0	9.950248756218905E-4	
6118.0	9.950248756218905E-4	
6120.0	9.950248756218905E-4	
6124.0	9.950248756218905E-4	
6126.0	9.950248756218905E-4	
6143.0	9.950248756218905E-4	
6156.0	9.950248756218905E-4	
6158.0	9.950248756218905E-4	
6164.0	9.950248756218905E-4	
6168.0	9.950248756218905E-4	
6169.0	9.950248756218905E-4	
6172.0	9.950248756218905E-4	
6181.0	9.950248756218905E-4	
6184.0	9.950248756218905E-4	
6194.0	9.950248756218905E-4	
6199.0	9.950248756218905E-4	
6202.0	9.950248756218905E-4	
6210.0	9.950248756218905E-4	
6211.0	0.001990049751243781	
6212.0	9.950248756218905E-4	
6216.0	9.950248756218905E-4	
6225.0	9.950248756218905E-4	
6234.0	0.001990049751243781	
6237.0	9.950248756218905E-4	
6238.0	9.950248756218905E-4	
6242.0	9.950248756218905E-4	
6243.0	9.950248756218905E-4	
6251.0	9.950248756218905E-4	
6264.0	9.950248756218905E-4	
6265.0	9.950248756218905E-4	
6272.0	9.950248756218905E-4	
6280.0	9.950248756218905E-4	
6302.0	9.950248756218905E-4	
6310.0	0.001990049751243781	
6315.0	9.950248756218905E-4	
6319.0	9.950248756218905E-4	
6320.0	9.950248756218905E-4	
6324.0	9.950248756218905E-4	
6338.0	9.950248756218905E-4	
6351.0	9.950248756218905E-4	
6353.0	9.950248756218905E-4	
6366.0	9.950248756218905E-4	
6372.0	9.950248756218905E-4	
6376.0	9.950248756218905E-4	
6381.0	9.950248756218905E-4	
6405.0	9.950248756218905E-4	
6407.0	9.950248756218905E-4	
6421.0	9.950248756218905E-4	
6422.0	9.950248756218905E-4	
6429.0	9.950248756218905E-4	
6432.0	9.950248756218905E-4	
6435.0	9.950248756218905E-4	
6437.0	9.950248756218905E-4	
6446.0	0.001990049751243781	
6448.0	9.950248756218905E-4	
6457.0	9.950248756218905E-4	
6461.0	9.950248756218905E-4	
6463.0	9.950248756218905E-4	
6493.0	9.950248756218905E-4	
6495.0	9.950248756218905E-4	
6505.0	9.950248756218905E-4	
6506.0	9.950248756218905E-4	
6515.0	9.950248756218905E-4	
6524.0	9.950248756218905E-4	
6541.0	9.950248756218905E-4	
6554.0	9.950248756218905E-4	
6571.0	9.950248756218905E-4	
6576.0	9.950248756218905E-4	
6582.0	0.001990049751243781	
6589.0	9.950248756218905E-4	
6590.0	9.950248756218905E-4	
6599.0	0.001990049751243781	
6600.0	9.950248756218905E-4	
6604.0	9.950248756218905E-4	
6607.0	9.950248756218905E-4	
6610.0	9.950248756218905E-4	
6614.0	9.950248756218905E-4	
6618.0	9.950248756218905E-4	
6630.0	9.950248756218905E-4	
6654.0	9.950248756218905E-4	
6665.0	9.950248756218905E-4	
6674.0	9.950248756218905E-4	
6675.0	9.950248756218905E-4	
6686.0	9.950248756218905E-4	
6713.0	9.950248756218905E-4	
6715.0	9.950248756218905E-4	
6734.0	9.950248756218905E-4	
6745.0	9.950248756218905E-4	
6752.0	9.950248756218905E-4	
6758.0	9.950248756218905E-4	
6764.0	9.950248756218905E-4	
6775.0	9.950248756218905E-4	
6788.0	9.950248756218905E-4	
6801.0	9.950248756218905E-4	
6837.0	9.950248756218905E-4	
6848.0	9.950248756218905E-4	
6857.0	9.950248756218905E-4	
6883.0	9.950248756218905E-4	
6891.0	9.950248756218905E-4	
6897.0	9.950248756218905E-4	
6902.0	9.950248756218905E-4	
6908.0	9.950248756218905E-4	
6921.0	9.950248756218905E-4	
6935.0	9.950248756218905E-4	
6937.0	9.950248756218905E-4	
6940.0	9.950248756218905E-4	
6945.0	9.950248756218905E-4	
6966.0	9.950248756218905E-4	
6976.0	9.950248756218905E-4	
7040.0	9.950248756218905E-4	
7056.0	9.950248756218905E-4	
7062.0	9.950248756218905E-4	
7078.0	9.950248756218905E-4	
7092.0	9.950248756218905E-4	
7113.0	9.950248756218905E-4	
7114.0	9.950248756218905E-4	
7131.0	0.001990049751243781	
7172.0	9.950248756218905E-4	
7173.0	9.950248756218905E-4	
7190.0	9.950248756218905E-4	
7204.0	9.950248756218905E-4	
7211.0	9.950248756218905E-4	
7244.0	9.950248756218905E-4	
7377.0	9.950248756218905E-4	
7390.0	9.950248756218905E-4	
7436.0	9.950248756218905E-4	
7493.0	9.950248756218905E-4	
7679.0	9.950248756218905E-4	
